12.2277
6.9791
8.1634
11.2757
11.5307
10.5405
10.1794
2.4830
12.8849
5.4455
6.5508
7.2245
10.2844
8.8896
9.9229
6.0631
11.1591
12.7792
6.6337
10.5689
8.0876
8.1215
4.9158
9.2017
9.9311
4.2240
7.8854
7.3742
8.4221
7.6103
8.5432
12.6100
3.2982
5.0482
6.2921
7.0737
10.4840
9.5135
8.7389
7.1368
8.3234
3.8905
7.9781
3.7816
4.3585
4.0111
12.6764
3.9412
4.2064
7.0118
10.3016
10.7403
4.7153
6.6101
5.0338
3.2845
9.8003
8.4512
6.9160
9.2359
3.6714
5.7920
11.5974
6.9889
5.2973
7.2928
4.9503
5.3619
8.5821
12.0089
5.8019
12.4497
2.9612
9.0810
4.9130
11.7896
5.3075
9.3970
6.8344
5.5960
10.4384
4.2403
4.9683
5.3261
6.3919
12.4375
5.1257
12.0064
11.5088
8.3748
10.0304
7.4965
3.9610
8.1565
5.5293
9.3059
9.6608
4.6730
4.0035
11.5011
11.1694
11.9954
5.2462
4.8892
7.5370
4.2793
8.5998
3.6424
9.6993
6.7855
7.7090
7.8717
8.2967
5.0805
13.8197
7.4779
10.5238
9.0586
8.9259
9.1253
8.0697
6.0134
11.9968
7.9173
10.0594
9.7867
11.1408
7.5719
12.1718
11.2427
9.4228
12.5698
6.9751
10.1923
6.7329
9.0314
10.3898
4.6195
2.4705
11.8624
9.2515
13.3519
10.0730
9.8433
11.7111
10.8295
10.6097
6.2425
11.0363
3.3228
4.7778
7.6849
5.5860
4.1759
10.2862
5.9029
2.5924
10.0453
6.5918
13.4040
9.4486
13.9385
12.2338
11.0818
10.1838
11.6057
10.8426
1.9722
4.7655
10.4360
9.8115
4.4740
7.0498
11.1181
3.0503
5.5519
7.6108
5.7362
6.3824
10.5071
8.4922
3.9350
6.2353
8.1483
3.3977
7.9521
8.3256
6.4907
4.6564
5.6169
7.5965
11.6777
6.9264
5.7126
11.6969
6.6357
10.6079
6.5981
5.7417
8.2117
4.4890
7.8568
10.8053
6.5595
8.1118
5.6022
2.8113
13.2126
8.1783
11.1796
6.9531
12.3111
9.3204
8.6028
5.8745
1.9103
7.5322
10.2584
2.3450
8.5482
4.3818
6.4930
2.7993
3.7572
11.0203
10.7077
10.7907
6.2764
6.0409
11.3667
4.9727
6.8063
5.8963
11.3637
4.0277
11.0470
2.7028
7.7681
3.8810
13.1199
6.3577
6.9740
8.0533
4.5753
7.2709
8.4092
5.4077
10.3665
12.4355
4.7804
11.3426
4.4910
10.4320
13.8048
2.1368
4.9465
9.3471
10.9601
11.4778
12.7841
9.1604
9.7115
6.2130
1.5689
5.7909
11.0628
7.0083
13.7087
8.1737
4.0131
5.0733
7.0602
6.2303
11.5961
8.1891
9.1135
8.9047
8.2340
3.5747
5.9551
8.7870
12.1540
12.1221
10.4356
4.2871
8.8284
3.1825
2.9118
5.5184
6.8486
7.1341
12.1278
7.1625
7.6766
9.1172
13.8802
3.2569
12.5035
9.1448
6.5108
6.4927
6.4821
13.7066
12.2293
10.3546
10.2549
6.4382
3.5083
10.2766
6.0959
5.2014
4.9300
3.2597
9.0724
1.8921
10.0216
12.3826
11.1922
7.9774
6.5469
4.1578
6.6119
6.5273
4.5609
10.3884
9.6120
10.2262
6.7642
6.3663
7.5859
5.6716
2.6057
9.9468
6.7166
6.1229
4.0049
8.5204
9.6193
7.1773
11.0094
8.2033
3.4942
4.5520
11.0859
6.9646
4.2234
6.6829
9.5784
9.2447
12.2794
6.4247
12.6277
5.5728
7.8299
13.0952
9.1602
6.3892
3.3360
10.0754
6.7884
5.1253
5.4715
3.4948
8.2514
2.4863
13.0080
5.7824
5.2787
8.6440
11.4824
7.0112
10.5585
8.9720
6.4341
10.9587
9.1944
7.5385
4.0462
4.0250
12.9945
4.9648
9.6514
10.3484
6.1975
4.2148
5.7615
6.1792
12.9197
5.5210
3.0397
9.6229
8.5065
11.4286
12.9973
7.1383
4.6747
6.9034
8.4193
12.4807
11.3676
5.9238
4.4838
5.0471
10.5297
5.4667
8.1462
7.7676
5.0645
5.0704
11.3627
8.9397
8.1756
7.4755
2.4889
4.8743
10.2250
7.7295
10.3788
9.4144
9.8096
2.5825
12.2745
5.5297
3.7776
9.6830
3.2255
8.6489
11.1072
11.4384
4.7719
12.7642
2.8941
11.0514
9.7321
3.6750
6.6377
8.6190
10.6476
3.8844
6.9421
5.3133
4.5943
3.3092
12.1746
7.1089
11.6779
5.5683
4.8564
3.5554
10.6377
10.4271
12.5779
10.5144
10.2658
3.6493
11.8273
11.6814
5.8700
2.4902
9.8965
4.5117
6.8499
12.9358
12.0045
5.9102
9.7398
5.6858
8.0618
3.5370
7.1001
3.1638
6.7731
8.2677
7.4852
12.7376
4.5339
7.6432
5.2879
7.5350
5.3970
12.6763
10.9910
2.8081
12.5021
11.7895
6.7985
11.8280
9.8819
10.3725
7.6417
9.8064
6.1263
6.0423
10.7797
7.2008
11.9131
8.9706
6.1282
3.8059
10.2311
6.8717
8.4511
9.9737
10.9187
12.6042
7.3850
5.7433
7.2447
12.4478
8.9547
7.4481
14.9708
11.2599
7.8244
12.8866
10.4928
3.3911
10.4194
11.6637
8.6822
6.1390
4.0846
8.4231
3.9454
9.0599
5.6827
11.2761
3.3279
7.8139
8.0933
9.8213
12.7034
9.7969
12.1955
10.1391
7.4601
9.4494
8.5123
12.4381
9.5512
5.2803
11.3915
7.9275
13.6088
12.1313
4.7837
9.3366
3.7751
5.8782
7.0864
10.8947
7.5184
5.5626
3.6010
7.7338
8.1495
5.8997
10.2191
9.0368
8.6314
11.7206
10.6782
5.4442
10.9498
10.2681
5.7776
6.4046
7.1116
10.8157
5.2268
9.7976
5.5124
6.7265
7.1507
8.7636
4.7677
11.2111
7.6227
3.4455
5.0495
4.3937
4.7729
5.5256
11.2875
6.0265
5.9988
4.9967
10.7897
13.5162
14.2714
6.5452
6.2490
10.8473
7.7715
10.4923
7.1232
5.3869
5.7377
4.2151
10.3528
7.7663
12.2133
7.5988
12.2709
10.3402
11.2426
3.9468
6.9012
9.2369
7.8269
5.5433
10.0697
8.5602
10.4429
6.6935
3.8688
3.1839
9.5003
11.0681
6.5025
3.4576
11.2724
12.6367
6.9085
6.1326
9.7410
3.5530
11.8636
7.4686
5.6076
7.4461
5.4441
8.7806
13.6636
5.5971
9.5067
11.9315
13.0036
2.6380
10.6076
11.9355
9.4698
5.5997
10.7721
9.9847
7.2151
8.3164
4.4571
12.6680
5.4693
7.8816
9.2410
7.7935
6.2149
10.4025
8.8163
9.7830
13.1388
11.6322
12.2611
11.2240
12.1931
6.1494
7.0773
5.6331
8.3253
10.3231
5.6311
5.0065
11.6335
11.0375
4.4893
7.4291
10.3973
7.1665
6.2006
11.1921
9.1551
5.4794
3.7073
4.0785
4.3796
11.3368
12.7300
13.0632
12.6951
9.4634
4.8082
3.4579
10.8470
4.2729
10.6331
8.6663
12.1125
8.1640
11.3278
7.9488
12.7629
3.5013
7.7196
8.8914
2.6360
3.2196
2.4388
3.9769
6.1048
4.6640
2.8571
11.1462
8.9381
10.9007
7.1093
10.4019
6.6352
4.6889
11.7135
3.0011
5.4653
4.1859
6.1921
10.6900
5.4324
12.7971
4.1895
4.1714
4.0421
5.3532
12.0117
7.3374
10.2229
13.0093
7.3569
10.0408
9.1560
7.3328
12.6290
11.3546
3.4515
4.9046
11.1802
6.3693
5.5852
10.9919
4.2844
13.5569
13.3286
13.8057
7.5074
2.8020
7.1572
9.1367
8.8898
11.1227
10.8198
14.7754
11.8515
9.3343
7.2234
10.2078
6.9704
4.4367
5.0508
10.3397
10.7007
8.4284
7.9838
9.9358
9.7763
9.8621
7.7535
9.2976
5.5613
9.0325
6.8169
1.7989
10.1390
10.0509
5.1628
10.9435
9.5606
3.8053
7.4117
2.3843
4.6626
4.0245
4.0185
9.2410
10.6468
4.1242
5.6195
11.6725
6.9071
12.5825
5.1029
5.9391
3.5970
8.6887
7.5016
8.9149
10.0235
4.2175
10.4545
5.8681
11.4290
13.2786
5.1782
5.7386
0.8798
4.5627
4.9030
7.0426
11.3465
10.3679
5.5946
6.5669
11.2851
8.7696
9.4624
5.2450
3.3179
9.5368
10.7007
11.7497
4.3358
11.9420
10.2416
3.0646
4.7098
4.0887
3.5331
11.1717
9.4544
5.3006
7.2562
5.4162
3.9381
12.7900
10.9751
8.1714
2.7902
1.6623
11.6648
9.1378
8.1334
11.8048
4.4131
5.3156
4.5886
8.6660
6.1085
9.3960
4.2498
8.9325
8.3444
5.6416
9.7373
8.4536
13.3720
8.5073
3.5587
4.8398
6.3920
5.3013
10.4709
13.3376
8.0584
7.0349
12.1133
5.8009
8.9779
8.5431
7.6002
5.3732
3.8773
9.0187
8.3574
11.9639
6.0726
6.8989
6.4822
11.3838
4.7855
13.5188
5.0637
8.9091
13.9586
5.6112
3.8347
6.0148
8.7922
11.0934
11.2248
7.2938
3.7255
3.8388
11.0889
10.1726
11.3898
5.4856
4.9425
10.3909
3.8175
6.8301
6.6602
3.3887
5.8544
3.3158
12.9864
12.2708
9.1705
8.4048
8.2354
5.3185
8.9374
4.3286
7.1497
7.2342
8.1220
3.2334
5.3815
13.6699
4.5224
6.5528
7.1079
8.1782
9.6301
8.5522
6.1208
7.0377
12.7281
11.3488
12.4130
6.3661
7.9645
10.4151
2.2920
8.3331
9.9230
6.5851
9.1040
4.2177
9.5072
8.0102
7.4884
10.6745
11.6457
7.1222
7.4554
4.2567
9.9310
3.8797
10.3197
11.5897
5.1151
8.2188
2.0562
9.7747
4.9423
4.9018
10.8608
7.5592
9.7006
7.8475
10.7285
8.5605
3.7371
6.4353
5.3131
5.7260
8.5121
9.7601
9.0819
8.0069
3.6634
13.8818
12.6196
8.2310
5.7513
11.4326
11.0492
6.1095
10.3469
3.2223
3.5558
6.6117
8.3437
9.1264
7.8773
9.7390
2.7785
9.2922
8.6128
9.9034
3.3313
12.1323
4.8273
11.0478
7.6363
7.9511
12.8058
